Sample	0	1	2	3	4	5	6	7	8	9	10	11	12	13	14	15	16	17	18	19	20	21	22	23	24	25	26	27	28	29	30	31	32	33	34	35	36
SRR10868207_1	(13.0, 1.0)	(14.0, 3.0)	(15.0, 4.0)	(16.0, 36.0)	(17.0, 337.0)	(18.0, 1426.0)	(19.0, 3858.0)	(20.0, 7752.0)	(21.0, 13820.0)	(22.0, 22005.0)	(23.0, 35548.0)	(24.0, 57335.0)	(25.0, 89870.0)	(26.0, 133364.0)	(27.0, 186981.0)	(28.0, 250011.0)	(29.0, 322750.0)	(30.0, 404288.0)	(31.0, 501452.0)	(32.0, 622823.0)	(33.0, 813916.0)	(34.0, 1073940.0)	(35.0, 1316444.0)	(36.0, 1711813.0)	(37.0, 2586797.0)	(38.0, 4818122.0)	(39.0, 12146656.0)	(40.0, 17798984.0)									
SRR10868207_2	(4.0, 1.0)	(5.0, 1.0)	(6.0, 18.0)	(7.0, 51.0)	(8.0, 129.0)	(9.0, 135.0)	(10.0, 105.0)	(11.0, 164.0)	(12.0, 348.0)	(13.0, 3022.0)	(14.0, 3916.0)	(15.0, 4238.0)	(16.0, 7811.0)	(17.0, 16474.0)	(18.0, 29633.0)	(19.0, 43427.0)	(20.0, 59149.0)	(21.0, 77676.0)	(22.0, 96425.0)	(23.0, 113330.0)	(24.0, 129294.0)	(25.0, 147113.0)	(26.0, 168241.0)	(27.0, 195493.0)	(28.0, 229469.0)	(29.0, 271944.0)	(30.0, 326251.0)	(31.0, 525003.0)	(32.0, 745351.0)	(33.0, 581722.0)	(34.0, 661831.0)	(35.0, 815069.0)	(36.0, 1047175.0)	(37.0, 1426228.0)	(38.0, 2170598.0)	(39.0, 4775376.0)	(40.0, 30248125.0)
SRR10868208_1	(13.0, 3.0)	(14.0, 5.0)	(15.0, 106.0)	(16.0, 654.0)	(17.0, 2364.0)	(18.0, 4979.0)	(19.0, 7734.0)	(20.0, 10171.0)	(21.0, 12402.0)	(22.0, 15397.0)	(23.0, 20604.0)	(24.0, 30123.0)	(25.0, 45637.0)	(26.0, 70420.0)	(27.0, 104003.0)	(28.0, 148265.0)	(29.0, 201988.0)	(30.0, 267985.0)	(31.0, 348315.0)	(32.0, 537561.0)	(33.0, 1973107.0)	(34.0, 995253.0)	(35.0, 722812.0)	(36.0, 878900.0)	(37.0, 1177337.0)	(38.0, 1795994.0)	(39.0, 3866627.0)	(40.0, 35745210.0)									
SRR10868208_2	(4.0, 2.0)	(5.0, 5.0)	(6.0, 23.0)	(7.0, 78.0)	(8.0, 142.0)	(9.0, 194.0)	(10.0, 148.0)	(11.0, 187.0)	(12.0, 242.0)	(13.0, 562.0)	(14.0, 2713.0)	(15.0, 8405.0)	(16.0, 17729.0)	(17.0, 36466.0)	(18.0, 58484.0)	(19.0, 74966.0)	(20.0, 92699.0)	(21.0, 114533.0)	(22.0, 135522.0)	(23.0, 156598.0)	(24.0, 177367.0)	(25.0, 197322.0)	(26.0, 217731.0)	(27.0, 243591.0)	(28.0, 278959.0)	(29.0, 328020.0)	(30.0, 408493.0)	(31.0, 1035628.0)	(32.0, 1840691.0)	(33.0, 812717.0)	(34.0, 753103.0)	(35.0, 904733.0)	(36.0, 1156851.0)	(37.0, 1579644.0)	(38.0, 2436720.0)	(39.0, 5685154.0)	(40.0, 30227534.0)
SRR10868209_1	(9.0, 1.0)	(10.0, 2.0)	(11.0, 5.0)	(12.0, 3.0)	(13.0, 4.0)	(14.0, 173.0)	(15.0, 3259.0)	(16.0, 4126.0)	(17.0, 1591.0)	(18.0, 1349.0)	(19.0, 2291.0)	(20.0, 5054.0)	(21.0, 11781.0)	(22.0, 25300.0)	(23.0, 50752.0)	(24.0, 88745.0)	(25.0, 139185.0)	(26.0, 206594.0)	(27.0, 287577.0)	(28.0, 386616.0)	(29.0, 506741.0)	(30.0, 665592.0)	(31.0, 873018.0)	(32.0, 1014232.0)	(33.0, 1346762.0)	(34.0, 1963997.0)	(35.0, 3702999.0)	(36.0, 24163076.0)									
SRR10868209_2	(2.0, 509.0)	(3.0, 266.0)	(4.0, 361.0)	(5.0, 410.0)	(6.0, 395.0)	(7.0, 422.0)	(8.0, 483.0)	(9.0, 643.0)	(10.0, 1127.0)	(11.0, 1150.0)	(12.0, 1297.0)	(13.0, 1622.0)	(14.0, 1794.0)	(15.0, 5054.0)	(16.0, 8554.0)	(17.0, 13546.0)	(18.0, 21457.0)	(19.0, 32848.0)	(20.0, 47285.0)	(21.0, 68961.0)	(22.0, 99310.0)	(23.0, 137359.0)	(24.0, 182876.0)	(25.0, 234968.0)	(26.0, 295045.0)	(27.0, 367058.0)	(28.0, 451953.0)	(29.0, 612281.0)	(30.0, 673685.0)	(31.0, 776617.0)	(32.0, 972829.0)	(33.0, 1275229.0)	(34.0, 1820145.0)	(35.0, 3255022.0)	(36.0, 24088264.0)		
SRR10868210_1	(9.0, 1.0)	(10.0, 3.0)	(11.0, 6.0)	(12.0, 3.0)	(13.0, 14.0)	(14.0, 399.0)	(15.0, 8103.0)	(16.0, 8835.0)	(17.0, 3700.0)	(18.0, 3036.0)	(19.0, 4252.0)	(20.0, 8201.0)	(21.0, 17445.0)	(22.0, 37727.0)	(23.0, 73330.0)	(24.0, 127960.0)	(25.0, 201257.0)	(26.0, 297851.0)	(27.0, 411865.0)	(28.0, 549404.0)	(29.0, 714133.0)	(30.0, 913604.0)	(31.0, 1126482.0)	(32.0, 1424218.0)	(33.0, 1877536.0)	(34.0, 2682788.0)	(35.0, 4824195.0)	(36.0, 25706377.0)									
SRR10868210_2	(2.0, 130.0)	(3.0, 284.0)	(4.0, 227.0)	(5.0, 225.0)	(6.0, 281.0)	(7.0, 457.0)	(8.0, 580.0)	(9.0, 665.0)	(10.0, 836.0)	(11.0, 1194.0)	(12.0, 1141.0)	(13.0, 1156.0)	(14.0, 1879.0)	(15.0, 6172.0)	(16.0, 11479.0)	(17.0, 19690.0)	(18.0, 31928.0)	(19.0, 49433.0)	(20.0, 74689.0)	(21.0, 111804.0)	(22.0, 161830.0)	(23.0, 225163.0)	(24.0, 296794.0)	(25.0, 376140.0)	(26.0, 465197.0)	(27.0, 564804.0)	(28.0, 675597.0)	(29.0, 819775.0)	(30.0, 959638.0)	(31.0, 1144534.0)	(32.0, 1407581.0)	(33.0, 1802565.0)	(34.0, 2507636.0)	(35.0, 4321720.0)	(36.0, 24979501.0)		
SRR10868215_1	(10.0, 6.0)	(11.0, 2.0)	(12.0, 8.0)	(13.0, 18.0)	(14.0, 250.0)	(15.0, 6284.0)	(16.0, 10481.0)	(17.0, 4125.0)	(18.0, 3105.0)	(19.0, 4387.0)	(20.0, 8596.0)	(21.0, 16430.0)	(22.0, 33108.0)	(23.0, 62982.0)	(24.0, 108771.0)	(25.0, 170898.0)	(26.0, 250312.0)	(27.0, 350644.0)	(28.0, 472704.0)	(29.0, 627656.0)	(30.0, 900625.0)	(31.0, 1323476.0)	(32.0, 1128657.0)	(33.0, 1434308.0)	(34.0, 2046550.0)	(35.0, 3708326.0)	(36.0, 23067236.0)										
SRR10868215_2	(2.0, 2437.0)	(3.0, 625.0)	(4.0, 728.0)	(5.0, 695.0)	(6.0, 609.0)	(7.0, 543.0)	(8.0, 688.0)	(9.0, 845.0)	(10.0, 995.0)	(11.0, 1384.0)	(12.0, 1447.0)	(13.0, 1339.0)	(14.0, 1849.0)	(15.0, 5843.0)	(16.0, 9784.0)	(17.0, 18572.0)	(18.0, 37825.0)	(19.0, 61826.0)	(20.0, 90665.0)	(21.0, 127712.0)	(22.0, 175075.0)	(23.0, 229863.0)	(24.0, 290802.0)	(25.0, 356803.0)	(26.0, 432070.0)	(27.0, 529621.0)	(28.0, 661513.0)	(29.0, 1078914.0)	(30.0, 1038008.0)	(31.0, 909535.0)	(32.0, 1122006.0)	(33.0, 1444871.0)	(34.0, 2020469.0)	(35.0, 3508959.0)	(36.0, 21575025.0)		
SRR10868216_1	(9.0, 1.0)	(10.0, 10.0)	(11.0, 12.0)	(12.0, 13.0)	(13.0, 24.0)	(14.0, 225.0)	(15.0, 10379.0)	(16.0, 26663.0)	(17.0, 8864.0)	(18.0, 2824.0)	(19.0, 3281.0)	(20.0, 7280.0)	(21.0, 16265.0)	(22.0, 37894.0)	(23.0, 75588.0)	(24.0, 131551.0)	(25.0, 207428.0)	(26.0, 303226.0)	(27.0, 420300.0)	(28.0, 559414.0)	(29.0, 738164.0)	(30.0, 1037692.0)	(31.0, 1395730.0)	(32.0, 1250553.0)	(33.0, 1588865.0)	(34.0, 2256547.0)	(35.0, 4130249.0)	(36.0, 20869404.0)									
SRR10868216_2	(2.0, 1783.0)	(3.0, 620.0)	(4.0, 340.0)	(5.0, 446.0)	(6.0, 471.0)	(7.0, 499.0)	(8.0, 607.0)	(9.0, 814.0)	(10.0, 720.0)	(11.0, 1037.0)	(12.0, 1334.0)	(13.0, 1259.0)	(14.0, 1662.0)	(15.0, 4277.0)	(16.0, 8203.0)	(17.0, 16160.0)	(18.0, 35208.0)	(19.0, 65285.0)	(20.0, 100043.0)	(21.0, 141699.0)	(22.0, 191316.0)	(23.0, 252960.0)	(24.0, 322824.0)	(25.0, 398978.0)	(26.0, 488750.0)	(27.0, 597611.0)	(28.0, 755054.0)	(29.0, 1154927.0)	(30.0, 1049299.0)	(31.0, 1012315.0)	(32.0, 1249255.0)	(33.0, 1612559.0)	(34.0, 2290455.0)	(35.0, 3986631.0)	(36.0, 19333045.0)		
SRR10868217_1	(9.0, 2.0)	(10.0, 4.0)	(11.0, 2.0)	(12.0, 3.0)	(13.0, 7.0)	(14.0, 163.0)	(15.0, 3726.0)	(16.0, 4766.0)	(17.0, 2196.0)	(18.0, 1918.0)	(19.0, 3018.0)	(20.0, 6585.0)	(21.0, 15373.0)	(22.0, 33770.0)	(23.0, 66628.0)	(24.0, 118764.0)	(25.0, 191099.0)	(26.0, 283800.0)	(27.0, 398360.0)	(28.0, 536370.0)	(29.0, 699812.0)	(30.0, 915023.0)	(31.0, 1129972.0)	(32.0, 1412148.0)	(33.0, 1868415.0)	(34.0, 2673427.0)	(35.0, 4794469.0)	(36.0, 28859147.0)									
SRR10868217_2	(2.0, 504.0)	(3.0, 434.0)	(4.0, 589.0)	(5.0, 509.0)	(6.0, 642.0)	(7.0, 669.0)	(8.0, 757.0)	(9.0, 967.0)	(10.0, 1258.0)	(11.0, 1354.0)	(12.0, 1481.0)	(13.0, 1500.0)	(14.0, 2221.0)	(15.0, 6849.0)	(16.0, 10986.0)	(17.0, 17430.0)	(18.0, 27496.0)	(19.0, 43892.0)	(20.0, 68336.0)	(21.0, 105299.0)	(22.0, 156413.0)	(23.0, 219832.0)	(24.0, 293414.0)	(25.0, 374029.0)	(26.0, 465812.0)	(27.0, 567546.0)	(28.0, 685270.0)	(29.0, 843082.0)	(30.0, 979461.0)	(31.0, 1168758.0)	(32.0, 1446036.0)	(33.0, 1865709.0)	(34.0, 2609291.0)	(35.0, 4534025.0)	(36.0, 27517116.0)		
SRR10868218_1	(10.0, 3.0)	(11.0, 5.0)	(12.0, 0.0)	(13.0, 7.0)	(14.0, 148.0)	(15.0, 3063.0)	(16.0, 4591.0)	(17.0, 1758.0)	(18.0, 1316.0)	(19.0, 2010.0)	(20.0, 4574.0)	(21.0, 10014.0)	(22.0, 22531.0)	(23.0, 44726.0)	(24.0, 80613.0)	(25.0, 130801.0)	(26.0, 195581.0)	(27.0, 276813.0)	(28.0, 374951.0)	(29.0, 500527.0)	(30.0, 707529.0)	(31.0, 813517.0)	(32.0, 941024.0)	(33.0, 1238178.0)	(34.0, 1772302.0)	(35.0, 3164380.0)	(36.0, 19602666.0)										
SRR10868218_2	(2.0, 361.0)	(3.0, 320.0)	(4.0, 383.0)	(5.0, 378.0)	(6.0, 460.0)	(7.0, 428.0)	(8.0, 553.0)	(9.0, 680.0)	(10.0, 856.0)	(11.0, 913.0)	(12.0, 1029.0)	(13.0, 1033.0)	(14.0, 1678.0)	(15.0, 5505.0)	(16.0, 7628.0)	(17.0, 11778.0)	(18.0, 19775.0)	(19.0, 33924.0)	(20.0, 53904.0)	(21.0, 82999.0)	(22.0, 120736.0)	(23.0, 167325.0)	(24.0, 220757.0)	(25.0, 278646.0)	(26.0, 342250.0)	(27.0, 416231.0)	(28.0, 506091.0)	(29.0, 679628.0)	(30.0, 735604.0)	(31.0, 794617.0)	(32.0, 978988.0)	(33.0, 1256031.0)	(34.0, 1741683.0)	(35.0, 3012559.0)	(36.0, 18417897.0)		
