Sample	0	1	2	3	4	5	6	7	8	9	10	11	12	13	14	15	16	17	18	19	20	21	22	23	24	25	26	27	28	29	30	31	32	33	34	35	36	37	38	39	40	41	42	43	44	45	46	47	48	49	50	51	52	53	54
SRR10868207_1	(1, 0.16266129443021085)	(2, 0.010821379430465523)	(3, 0.00014692677276501227)	(4, 0.0)	(5, 0.0)	(6, 0.0)	(7, 0.0)	(8, 0.0)	(9, 0.00019812852691039533)	(10, 0.0)	(12, 0.0)	(14, 0.0)	(16, 0.002000207656505508)	(18, 0.0)	(20, 0.0004986605621115568)	(22, 0.0)	(24, 4.5636346086102296e-05)	(26, 0.0026146287062501043)	(28, 0.0006700751303374044)	(30, 2.894012190825999e-05)	(32, 0.0018499416389049271)	(34, 0.0)	(36, 0.0007157114764235067)	(38, 0.0008325850456684028)	(40, 0.002305192018154094)	(42, 0.0007602347408977529)	(44, 0.0018978041482147418)	(46, 0.001645134622323395)	(48, 0.0004196317676697699)	(50, 2.2261632237123073e-06)	(52, 0.0005609931323755014)	(54, 0.0014414406873537189)	(56, 6.45587334876569e-05)	(58, 0.001681866315514648)	(60, 0.00012021281408046459)	(62, 8.459420250106767e-05)	(64, 0.000854846677905526)	(66, 0.00016250991533099841)	(68, 0.0006199864578038775)	(70, 0.0010407313070855035)	(72, 2.7827040296403838e-05)	(74, 0.0)	(76, 0.0)	(78, 0.0)	(80, 0.0)	(82, 1.8922387401554608e-05)	(84, 0.002021356207130775)	(86, 0.0)	(88, 6.678489671136921e-05)	(90, 0.0)	(92, 0.0)	(94, 0.0)	(96, 7.012414154693767e-05)	(98, 0.0)	(100, 0.0)
SRR10868207_2	(1, 0.1902746230571383)	(2, 0.0005921594175074737)	(3, 0.006763083873637988)	(4, 0.000674527456784829)	(5, 0.012163755854364047)	(6, 0.0014291967896233012)	(7, 0.0003561861157939691)	(8, 0.0034327436909643775)	(9, 7.568954960621843e-05)	(10, 0.005769101994250444)	(12, 0.0006400219268172883)	(14, 0.006717447527551887)	(16, 0.002256216427232423)	(18, 0.01049858576302724)	(20, 0.002778251703192959)	(22, 0.003827887663173312)	(24, 0.010943818407769703)	(26, 0.010684470392207218)	(28, 0.00545187373487144)	(30, 0.0076947331827615885)	(32, 0.004758423890685056)	(34, 0.016626100036295367)	(36, 0.007485473839732633)	(38, 0.00508455680295891)	(40, 0.0060985741513598654)	(42, 0.010960514631947544)	(44, 0.009230785807123082)	(46, 0.005840339217409238)	(48, 0.00558210428345861)	(50, 0.011374580991558032)	(52, 0.011070709711521303)	(54, 0.008853451140703844)	(56, 0.0067731016081446944)	(58, 0.011157530077246083)	(60, 0.009978776650290417)	(62, 0.008833415671690435)	(64, 0.009280874479656608)	(66, 0.004802947155159302)	(68, 0.006695185895314764)	(70, 0.008236803927735535)	(72, 0.010106781035653873)	(74, 0.010434027029539583)	(76, 0.008746595305965655)	(78, 0.01080802245112325)	(80, 0.006244387842513022)	(82, 0.008539562126160409)	(84, 0.004339905204627143)	(86, 0.004356601428804985)	(88, 0.00378225131708721)	(90, 0.004553616874103524)	(92, 0.0029463270265832385)	(94, 0.0006066294784616037)	(96, 0.0003517337893465445)	(98, 0.00012577822213974535)	(100, 6.678489671136922e-06)
SRR10868208_1	(1, 0.17308320299814087)	(2, 0.011887565798074783)	(3, 0.00011432314695040147)	(4, 0.0)	(5, 0.0)	(6, 0.0)	(7, 0.0)	(8, 0.0)	(9, 0.00021435590053200276)	(10, 0.0)	(12, 0.0)	(14, 0.0)	(16, 0.002019028434534769)	(18, 0.0)	(20, 0.0006124454300914365)	(22, 0.0)	(24, 4.899563440731491e-05)	(26, 0.0026723035599656346)	(28, 0.0007727019842986957)	(30, 2.8580786737600367e-05)	(32, 0.002082314462310884)	(34, 0.0)	(36, 0.0008798799345646972)	(38, 0.000865589541195897)	(40, 0.002276255515173172)	(42, 0.000940103735190355)	(44, 0.0018934771213660244)	(46, 0.0016770797360670501)	(48, 0.0004909770864566349)	(50, 0.0)	(52, 0.000655316610197837)	(54, 0.0015035535308744765)	(56, 8.574236021280111e-05)	(58, 0.001815900700221109)	(60, 0.00015311135752285913)	(62, 8.472161782931538e-05)	(64, 0.0008941703279334972)	(66, 0.00019598253762925964)	(68, 0.0006573580949648085)	(70, 0.0010615720788251565)	(72, 2.4497817203657455e-05)	(74, 0.0)	(76, 0.0)	(78, 0.0)	(80, 0.0)	(82, 2.756004435411464e-05)	(84, 0.002027194373602655)	(86, 0.0)	(88, 7.349345161097238e-05)	(90, 0.0)	(92, 0.0)	(94, 0.0)	(96, 7.757642114491529e-05)	(98, 0.0)	(100, 0.0)
SRR10868208_2	(1, 0.20065753774562428)	(2, 0.0006349017625281225)	(3, 0.006789978334947058)	(4, 0.0007573908485464097)	(5, 0.012638832192320275)	(6, 0.001696473841353279)	(7, 0.0004062554686273195)	(8, 0.003441943317113873)	(9, 8.574236021280111e-05)	(10, 0.005758007785242989)	(12, 0.0007624945604638384)	(14, 0.007000251265945118)	(16, 0.002490611415705175)	(18, 0.010783122539143224)	(20, 0.003084683482893868)	(22, 0.004079907306792452)	(24, 0.01109751119325683)	(26, 0.010794350705361569)	(28, 0.005611020882021043)	(30, 0.007853591898539188)	(32, 0.005038384404885551)	(34, 0.01684531155466496)	(36, 0.0077453932058897)	(38, 0.005284383319305611)	(40, 0.006330644262378482)	(42, 0.011186315780620086)	(44, 0.00932448167314212)	(46, 0.006037691198318078)	(48, 0.005803941192499846)	(50, 0.011516015570485977)	(52, 0.01111180158662563)	(54, 0.009193826648055948)	(56, 0.00704516393081849)	(58, 0.011351676046744774)	(60, 0.010049208765416987)	(62, 0.008940682536951487)	(64, 0.00961131028290161)	(66, 0.005098608205511208)	(68, 0.006884907376611233)	(70, 0.00855994562791131)	(72, 0.01020844457724076)	(74, 0.010654508998824022)	(76, 0.008975387777990002)	(78, 0.011033204423097229)	(80, 0.006422511076892196)	(82, 0.008675289517245197)	(84, 0.004537199894594058)	(86, 0.004506577623089487)	(88, 0.003812472802319192)	(90, 0.004617838542889431)	(92, 0.0030550819537727824)	(94, 0.0006941048207702947)	(96, 0.0003143886541136041)	(98, 0.00011840611648434438)	(100, 4.0829695339429095e-06)
SRR10868209_1	(1, 0.03667051472003825)	(2, 0.0)	(3, 5.923698531698487e-05)	(4, 5.641617649236654e-05)	(5, 0.003949132354465658)	(6, 0.0008406010297362615)	(7, 0.006823536546751733)	(8, 0.00022284389714484783)	(9, 0.0018617338242480957)	(10, 1.8335257360019123e-05)	(12, 0.0)	(14, 0.0)	(16, 0.0)	(18, 0.0)	(20, 0.0)	(22, 0.0)	(24, 0.0)	(26, 1.4104044123091634e-06)	(28, 0.0)	(30, 0.0)	(32, 0.0006431444120129785)	(34, 0.0007912368753054408)	(36, 0.005779837281642952)	(38, 0.005289016546159363)	(40, 0.0005063351840189896)	(42, 0.0)	(44, 0.0)	(46, 0.0027897799275475254)	(48, 0.023625684310590797)	(50, 0.04594110292214638)	(52, 0.05764322833107552)	(54, 0.0761420926029225)	(56, 0.08781318911478084)	(58, 0.10515411136412199)	(60, 0.10834585654917762)	(62, 0.10792837684313412)	(64, 0.09672694500057474)	(66, 0.08692181352620143)	(68, 0.0861319870553083)	(70, 0.08473709709153454)	(72, 0.08110107451660152)	(74, 0.0688926139236534)	(76, 0.05995629156726254)	(78, 0.06603231377549042)	(80, 0.06301122752432418)	(82, 0.051476940240459845)	(84, 0.03215439979182431)	(86, 0.0166230264034758)	(88, 0.008325617245860992)	(90, 0.007272045149866048)	(92, 0.0010648553312934184)	(94, 0.00016924852947709963)	(96, 2.538727942156494e-05)	(98, 1.4104044123091634e-06)	(100, 5.641617649236654e-06)
SRR10868209_2	(1, 0.07716604620625896)	(2, 0.0865480563569395)	(3, 0.09038153554959581)	(4, 0.10515411136412199)	(5, 0.11316802923486266)	(6, 0.11418069960290064)	(7, 0.11834139261921266)	(8, 0.11511156651502469)	(9, 0.12375170394483062)	(10, 0.1328121418895047)	(12, 0.14510945796042826)	(14, 0.14266663751830883)	(16, 0.14008418703937073)	(18, 0.14271741207715194)	(20, 0.14255239476091175)	(22, 0.13436076593422014)	(24, 0.13000402670459715)	(26, 0.12740606177712366)	(28, 0.10919492000538773)	(30, 0.1029073371353135)	(32, 0.0893025761741793)	(34, 0.08752969782790668)	(36, 0.07135094881430827)	(38, 0.056929563698447073)	(40, 0.03371430707183824)	(42, 0.03889754328707442)	(44, 0.030578978063274975)	(46, 0.02301638960447324)	(48, 0.024673614788936503)	(50, 0.013764136659725127)	(52, 0.03214170615211352)	(54, 0.01551021732216387)	(56, 0.021567904273031728)	(58, 0.018130748720234298)	(60, 0.01174866875453533)	(62, 0.028171417731463227)	(64, 0.02798383394462611)	(66, 0.042513820200235114)	(68, 0.05134013101246586)	(70, 0.05662914755862523)	(72, 0.06386593259818353)	(74, 0.06151619884727647)	(76, 0.03494276931495953)	(78, 0.03036882780584091)	(80, 0.02842670093009119)	(82, 0.013532830336106423)	(84, 0.016730217138811298)	(86, 0.023886609126867995)	(88, 0.010108368423019775)	(90, 0.025844250451153114)	(92, 0.008088669304593052)	(94, 0.01942832077955873)	(96, 0.04711173858436299)	(98, 0.05975883494953926)	(100, 0.04047296501562375)
SRR10868210_1	(1, 0.03285496026897287)	(2, 0.0)	(3, 0.0)	(4, 0.0)	(5, 0.0010677008901773346)	(6, 0.006123435242295581)	(7, 6.825485142686158e-05)	(8, 0.0038954018778616)	(9, 0.00014626039591470336)	(10, 2.4376732652450562e-06)	(12, 0.0)	(14, 0.0)	(16, 0.0)	(18, 0.0)	(20, 0.0)	(22, 0.0)	(24, 0.0)	(26, 0.0)	(28, 0.0)	(30, 0.0)	(32, 0.0)	(34, 0.0016503048005709032)	(36, 0.0031238782894115395)	(38, 3.6565098978675844e-06)	(40, 1.0969529693602753e-05)	(42, 0.0)	(44, 3.6565098978675844e-06)	(46, 0.0031921331408384015)	(48, 0.024763103864991903)	(50, 0.04581363134701558)	(52, 0.06262016967424763)	(54, 0.08019579391666448)	(56, 0.09992875899882321)	(58, 0.11573707012393741)	(60, 0.11612344133647874)	(62, 0.1100987318614256)	(64, 0.10429950716340759)	(66, 0.0910117501945568)	(68, 0.08574028175846436)	(70, 0.08488343960573073)	(72, 0.08081008757950624)	(74, 0.07059623659812946)	(76, 0.0637817209851369)	(78, 0.06230570982303102)	(80, 0.06176820286804448)	(82, 0.050134407209662446)	(84, 0.03421274427771436)	(86, 0.019450194983390304)	(88, 0.012970859444368946)	(90, 0.009638560090778953)	(92, 0.0031884766309405337)	(94, 0.0032433242794085476)	(96, 0.0010372299743617716)	(98, 0.0017112466322020297)	(100, 0.005606648510063629)
SRR10868210_2	(1, 0.06568798147855853)	(2, 0.09094958952629305)	(3, 0.09679513001635069)	(4, 0.10077341278523061)	(5, 0.10596321916693735)	(6, 0.11355169604164521)	(7, 0.12058682108514243)	(8, 0.12256621177652142)	(9, 0.12394349717138489)	(10, 0.13223524278311594)	(12, 0.14163856740379877)	(14, 0.14865175338790879)	(16, 0.14316333203120954)	(18, 0.137627376045838)	(20, 0.13793939822378937)	(22, 0.13116266654640812)	(24, 0.12322560239477022)	(26, 0.11153574025128754)	(28, 0.09983368974147866)	(30, 0.08716875829189796)	(32, 0.07817496277977633)	(34, 0.07301318964061992)	(36, 0.06014349363675865)	(38, 0.048559670280314146)	(40, 0.03163246712645248)	(42, 0.02594659423526838)	(44, 0.02267889322320738)	(46, 0.01922105369645727)	(48, 0.01915889302819352)	(50, 0.017773075776901705)	(52, 0.016389696198875134)	(54, 0.023022605153606934)	(56, 0.020469142408262735)	(58, 0.021616067679560536)	(60, 0.012738061647538042)	(62, 0.02233152478290996)	(64, 0.02430360245449321)	(66, 0.04276166441892878)	(68, 0.03765717660150563)	(70, 0.047439559414934045)	(72, 0.052696401811435006)	(74, 0.04933363154202945)	(76, 0.02753351953094291)	(78, 0.02224011203546327)	(80, 0.030217397795977714)	(82, 0.019726870898995618)	(84, 0.01668587350060241)	(86, 0.02907778554447565)	(88, 0.02657917044759947)	(90, 0.02410493208337574)	(92, 0.01868232790483811)	(94, 0.028144156683886794)	(96, 0.03462471105954078)	(98, 0.04283845112678399)	(100, 0.03301584670447904)
SRR10868215_1	(1, 0.0333184620177787)	(2, 0.0)	(3, 0.0)	(4, 0.0)	(5, 0.0)	(6, 0.0030945766704453515)	(7, 0.0006071637771126956)	(8, 0.0035058811646184684)	(9, 0.0005903758385750174)	(10, 4.196984634419555e-05)	(12, 0.0)	(14, 9.792964146978962e-06)	(16, 0.0)	(18, 0.0)	(20, 0.0)	(22, 0.0)	(24, 0.0)	(26, 0.0)	(28, 0.0)	(30, 0.0007428662802922612)	(32, 0.001660606920352004)	(34, 0.0018578651981697228)	(36, 0.003894801740741347)	(38, 0.00339396157436728)	(40, 0.00010352562098234902)	(42, 0.0)	(44, 0.00011611657488560768)	(46, 0.006242315146260017)	(48, 0.02799668550133471)	(50, 0.048219156464846265)	(52, 0.06679501045678722)	(54, 0.0841677288535279)	(56, 0.10075421212875399)	(58, 0.11491763627504183)	(60, 0.11946297063411822)	(62, 0.11083956620526417)	(64, 0.09975532978576211)	(66, 0.09577518935745424)	(68, 0.09187339264232221)	(70, 0.09008267919830319)	(72, 0.08672229350101125)	(74, 0.07708461778550582)	(76, 0.06688034914435374)	(78, 0.06547435929182319)	(80, 0.06312404789654824)	(82, 0.05365145357666331)	(84, 0.040240688674814694)	(86, 0.028377212108188752)	(88, 0.021467576405056022)	(90, 0.01687327722524475)	(92, 0.007804992425142233)	(94, 0.0028903234182369336)	(96, 0.0024356500828414816)	(98, 0.0007134873878513243)	(100, 0.00041130449417311636)
SRR10868215_2	(1, 0.07088147449583372)	(2, 0.08799397984524039)	(3, 0.09650266669408697)	(4, 0.09994139610455471)	(5, 0.10492741385024515)	(6, 0.12059056050589895)	(7, 0.1248966667408134)	(8, 0.12482112101739386)	(9, 0.12801642531906526)	(10, 0.1372749734225948)	(12, 0.14754919180765388)	(14, 0.15119777044984262)	(16, 0.14459311563014438)	(18, 0.14039752999060295)	(20, 0.13895936325587518)	(22, 0.1391915964056464)	(24, 0.1301484935133504)	(26, 0.11988826507707273)	(28, 0.11033313005937755)	(30, 0.0953946627506002)	(32, 0.08729308341129233)	(34, 0.08047438237523868)	(36, 0.0716495226839325)	(38, 0.05970770240413072)	(40, 0.044706280325837094)	(42, 0.0422804232071426)	(44, 0.037837215474170426)	(46, 0.04444606727850309)	(48, 0.03952020631257267)	(50, 0.037611977298789914)	(52, 0.03352971024437783)	(54, 0.02865421309406044)	(56, 0.04261338398813988)	(58, 0.027722482505219297)	(60, 0.028789915597240007)	(62, 0.036075880922592354)	(64, 0.030169324547085898)	(66, 0.039702075646730846)	(68, 0.05197405871777363)	(70, 0.06046176064344811)	(72, 0.06858852189056251)	(74, 0.0662046346182122)	(76, 0.043318477406722365)	(78, 0.04254903022374545)	(80, 0.03181034553914395)	(82, 0.022340549209015292)	(84, 0.02151794022066906)	(86, 0.027886164905961665)	(88, 0.02989372255609235)	(90, 0.03249445403455434)	(92, 0.022453867794144617)	(94, 0.03320514343264938)	(96, 0.048354858968025834)	(98, 0.059051573806283134)	(100, 0.04696425805915482)
SRR10868216_1	(1, 0.031449511760013545)	(2, 0.0039739502713432625)	(3, 0.0008523752734086339)	(4, 0.0)	(5, 0.0)	(6, 0.001268585273133251)	(7, 0.0016306309578252125)	(8, 0.003244157395113797)	(9, 0.0004475682873751021)	(10, 7.697034241482646e-05)	(12, 2.850753422771351e-05)	(14, 0.0)	(16, 0.0)	(18, 0.0)	(20, 0.0)	(22, 0.0)	(24, 0.0)	(26, 0.0)	(28, 0.0)	(30, 0.0)	(32, 0.00040908311616768883)	(34, 0.0007711288008596505)	(36, 0.0015408322250079153)	(38, 0.0011345998622629976)	(40, 0.0016976236632603393)	(42, 0.0)	(44, 0.0)	(46, 0.0057513950304412)	(48, 0.03080096535633306)	(50, 0.05002787181621444)	(52, 0.06464510999147453)	(54, 0.08451913747832501)	(56, 0.09576821048458076)	(58, 0.11223843838464224)	(60, 0.11835615522990957)	(62, 0.11196619143276758)	(64, 0.10078411113194695)	(66, 0.09688142969617297)	(68, 0.09266374000718276)	(70, 0.09177145418585533)	(72, 0.08573070768300284)	(74, 0.07523138282693595)	(76, 0.06740036317458305)	(78, 0.07081556577506312)	(80, 0.06616741231923444)	(82, 0.05630238009973418)	(84, 0.037444646208101694)	(86, 0.01928819765847096)	(88, 0.012517658279389)	(90, 0.005300975989643327)	(92, 0.004589713010661875)	(94, 0.0005273893832126999)	(96, 0.0006214642461641544)	(98, 0.0002779484587202067)	(100, 0.0)
SRR10868216_2	(1, 0.05991998619323103)	(2, 0.07598113097712482)	(3, 0.0906197498030557)	(4, 0.09273215808932928)	(5, 0.10354221506847824)	(6, 0.12297865190493332)	(7, 0.12223745601501275)	(8, 0.12312118957607188)	(9, 0.1304732826533992)	(10, 0.1365710442247071)	(12, 0.1477360200049911)	(14, 0.14614815034850745)	(16, 0.14626503123884108)	(18, 0.14357106925432214)	(20, 0.14052361384537956)	(22, 0.1391295954216444)	(24, 0.1315351883033815)	(26, 0.12024335399578419)	(28, 0.11111951766620447)	(30, 0.09719216181925505)	(32, 0.08318355949975664)	(34, 0.07876204094103827)	(36, 0.06584527718246128)	(38, 0.05436529314896104)	(40, 0.03550043237377164)	(42, 0.039361777884915426)	(44, 0.031386795184712574)	(46, 0.03517972261370986)	(48, 0.04263016668412278)	(50, 0.027267456488807972)	(52, 0.02647352166056615)	(54, 0.030595711109893522)	(56, 0.030253620699160964)	(58, 0.03214367021845837)	(60, 0.028896662069921798)	(62, 0.033117202512334784)	(64, 0.04716143924961785)	(66, 0.0584190645161419)	(68, 0.0519720856505445)	(70, 0.057089188044419065)	(72, 0.0662301288945354)	(74, 0.06426881053966872)	(76, 0.039216389460354086)	(78, 0.05702076996227256)	(80, 0.043116220142705296)	(82, 0.02865149727556346)	(84, 0.045604927880784685)	(86, 0.055314594038743906)	(88, 0.04656135565412447)	(90, 0.056795560441873616)	(92, 0.04434204411449698)	(94, 0.044139640621480215)	(96, 0.06309430012948691)	(98, 0.0608578840693228)	(100, 0.043337153532970074)
SRR10868217_1	(1, 0.03334926055852242)	(2, 0.0)	(3, 0.0)	(4, 0.000381653663067559)	(5, 0.008793936486515006)	(6, 0.0019900512431379864)	(7, 0.0013062550968086098)	(8, 0.002523912021833679)	(9, 2.726097593339707e-05)	(10, 0.0)	(12, 0.0)	(14, 0.0)	(16, 1.249461396947366e-05)	(18, 0.0)	(20, 0.0)	(22, 0.0)	(24, 0.0)	(26, 0.0)	(28, 0.0)	(30, 0.0)	(32, 0.0)	(34, 7.951117980574147e-05)	(36, 0.0006133719585014342)	(38, 0.00046343659086775025)	(40, 0.0)	(42, 0.0)	(44, 0.0)	(46, 0.0034735026835136774)	(48, 0.025668480589287796)	(50, 0.046351610204755596)	(52, 0.06575347395135374)	(54, 0.08342653747417562)	(56, 0.09864838491098621)	(58, 0.11336136079704005)	(60, 0.11275934757851086)	(62, 0.10668469344135223)	(64, 0.10021248340516488)	(66, 0.09275319886538909)	(68, 0.08810633834274212)	(70, 0.08721013375893169)	(72, 0.08298127486726348)	(74, 0.07441451318019343)	(76, 0.0651582759768079)	(78, 0.06333406233726475)	(80, 0.061390581928012986)	(82, 0.04906180556213416)	(84, 0.03372637072560108)	(86, 0.021289686329985888)	(88, 0.013386275057295189)	(90, 0.006874309431204963)	(92, 0.002729505215331382)	(94, 0.0003362187031785639)	(96, 0.0003668873011036356)	(98, 0.0017469742077318626)	(100, 8.405467579464097e-05)
SRR10868217_2	(1, 0.06699384835632331)	(2, 0.08154666600876845)	(3, 0.09233974073039923)	(4, 0.09819403531209625)	(5, 0.10631326264425968)	(6, 0.12336273134260511)	(7, 0.1239829185450899)	(8, 0.12583439316056644)	(9, 0.1317591119300914)	(10, 0.140606434494476)	(12, 0.14824859474780494)	(14, 0.15093380087724456)	(16, 0.14646300082416744)	(18, 0.14158215025809215)	(20, 0.14286114437896735)	(22, 0.14073138063417073)	(24, 0.13030746496163803)	(26, 0.12100238517637181)	(28, 0.10993442894741261)	(30, 0.09395608942845024)	(32, 0.08246445219852615)	(34, 0.07705314847574683)	(36, 0.06726191461966838)	(38, 0.05499901894562859)	(40, 0.04315526077656479)	(42, 0.031508008809020896)	(44, 0.030877598740561084)	(46, 0.02839230643463305)	(48, 0.027143980911682908)	(50, 0.022653871000652966)	(52, 0.021335121289874883)	(54, 0.025172103652500524)	(56, 0.02594904146660234)	(58, 0.02249598451503871)	(60, 0.020798988763184742)	(62, 0.02584908455484655)	(64, 0.02175993816483699)	(66, 0.03369002275768988)	(68, 0.03991120464049054)	(70, 0.053570089457119704)	(72, 0.05911088281558266)	(74, 0.05613034944686458)	(76, 0.03651380551479093)	(78, 0.02784708691596511)	(80, 0.020796717015190293)	(82, 0.01068743843988888)	(84, 0.024361089618481963)	(86, 0.031580704744843285)	(88, 0.025173239526497748)	(90, 0.023046883403692778)	(92, 0.018829383251996804)	(94, 0.03350601117013945)	(96, 0.05594293023732247)	(98, 0.05580208186166659)	(100, 0.04259300314793848)
SRR10868218_1	(1, 0.033786464459917676)	(2, 0.0)	(3, 0.0)	(4, 0.0003679713951080143)	(5, 0.009129035793179738)	(6, 0.0020572946181038982)	(7, 0.0014451240244242017)	(8, 0.0026861911842885047)	(9, 2.0071167005891692e-05)	(10, 0.0)	(12, 0.0)	(14, 0.0)	(16, 1.0035583502945846e-05)	(18, 0.0)	(20, 0.0)	(22, 0.0)	(24, 0.0)	(26, 0.0)	(28, 0.0)	(30, 0.0)	(32, 0.0)	(34, 6.690389001963897e-05)	(36, 0.0005586474816639854)	(38, 0.00042149450712372546)	(40, 0.0)	(42, 0.0)	(44, 0.0)	(46, 0.0036479346033208146)	(48, 0.02579981258882328)	(50, 0.046093435029030266)	(52, 0.0654336770364574)	(54, 0.08292402648484153)	(56, 0.09787871850148132)	(58, 0.11262433586180975)	(60, 0.11202721864338448)	(62, 0.10576334194029578)	(64, 0.0993472588874124)	(66, 0.09194434345673934)	(68, 0.08742331308866223)	(70, 0.08654352693490398)	(72, 0.08253263872822662)	(74, 0.07436367375682872)	(76, 0.06506570564134939)	(78, 0.06311545724727692)	(80, 0.06117524443670739)	(82, 0.048935177757614426)	(84, 0.033659347068880366)	(86, 0.02144604194579527)	(88, 0.013581489673986709)	(90, 0.007110210911837132)	(92, 0.0028902480488484034)	(94, 0.00042985749337618037)	(96, 0.00039138775661488797)	(98, 0.001818113211283689)	(100, 0.00014049816904124183)
SRR10868218_2	(1, 0.06677342743410067)	(2, 0.08110089548180636)	(3, 0.09209654980653402)	(4, 0.0978603199317259)	(5, 0.10544387586545201)	(6, 0.12237725042942262)	(7, 0.12319682308216319)	(8, 0.12520393978275238)	(9, 0.1311650763835022)	(10, 0.13973379209776746)	(12, 0.14731567543424307)	(14, 0.1500303007717899)	(16, 0.14572336285177565)	(18, 0.1407256422673086)	(20, 0.1419131863151572)	(22, 0.13987261766955822)	(24, 0.1294590271880014)	(26, 0.12012760712751226)	(28, 0.10895298489698206)	(30, 0.09328743904888359)	(32, 0.08219979187537893)	(34, 0.07672538107452197)	(36, 0.06702598961892481)	(38, 0.054769196967326954)	(40, 0.0431229023121583)	(42, 0.031466572073486694)	(44, 0.0308176043402962)	(46, 0.028470950397857363)	(48, 0.027208139473736678)	(50, 0.02274899520392774)	(52, 0.021283800012497647)	(54, 0.025129101091376397)	(56, 0.025774723630065912)	(58, 0.022319137710551558)	(60, 0.020616433709551747)	(62, 0.025264581468666163)	(64, 0.02200970721921073)	(66, 0.033694471611140676)	(68, 0.03989478961871072)	(70, 0.05359001590573081)	(72, 0.05874496063174399)	(74, 0.055991865557435856)	(76, 0.03651948836721993)	(78, 0.027887213957436013)	(80, 0.021014511855168602)	(82, 0.01069793201414027)	(84, 0.024153976894340158)	(86, 0.03124913443092287)	(88, 0.025149172258382285)	(90, 0.02314874594679508)	(92, 0.019010740349080412)	(94, 0.03348706955207979)	(96, 0.05577108272037105)	(98, 0.05556200806405967)	(100, 0.042396995105445215)
